100x100
10x10
26 28 24 29 21 30 25 23 22 27 40 35 39 31 36 33 32 38 34 37 47 49 43 50 44 45 46 42 41 48 55 53 59 60 57 52 51 58 54 56 61 68 70 65 66 64 67 69 63 62 75 74 71 78 77 76 79 80 72 73 86 83 89 85 82 84 87 90 88 81 98 94 93 97 92 96 99 100 95 91 8 4 5 10 1 6 9 7 3 2 14 17 12 16 20 11 18 13 19 15
76 78 74 79 71 80 75 73 72 77 90 85 89 81 86 83 82 88 84 87 97 99 93 100 94 95 96 92 91 98 5 3 9 10 7 2 1 8 4 6 11 18 20 15 16 14 17 19 13 12 25 24 21 28 27 26 29 30 22 23 36 33 39 35 32 34 37 40 38 31 48 44 43 47 42 46 49 50 45 41 58 54 55 60 51 56 59 57 53 52 64 67 62 66 70 61 68 63 69 65
36 38 34 39 31 40 35 33 32 37 50 45 49 41 46 43 42 48 44 47 57 59 53 60 54 55 56 52 51 58 65 63 69 70 67 62 61 68 64 66 71 78 80 75 76 74 77 79 73 72 85 84 81 88 87 86 89 90 82 83 96 93 99 95 92 94 97 100 98 91 8 4 3 7 2 6 9 10 5 1 18 14 15 20 11 16 19 17 13 12 24 27 22 26 30 21 28 23 29 25
6 8 4 9 1 10 5 3 2 7 20 15 19 11 16 13 12 18 14 17 27 29 23 30 24 25 26 22 21 28 35 33 39 40 37 32 31 38 34 36 41 48 50 45 46 44 47 49 43 42 55 54 51 58 57 56 59 60 52 53 66 63 69 65 62 64 67 70 68 61 78 74 73 77 72 76 79 80 75 71 88 84 85 90 81 86 89 87 83 82 94 97 92 96 100 91 98 93 99 95
56 58 54 59 51 60 55 53 52 57 70 65 69 61 66 63 62 68 64 67 77 79 73 80 74 75 76 72 71 78 85 83 89 90 87 82 81 88 84 86 91 98 100 95 96 94 97 99 93 92 5 4 1 8 7 6 9 10 2 3 16 13 19 15 12 14 17 20 18 11 28 24 23 27 22 26 29 30 25 21 38 34 35 40 31 36 39 37 33 32 44 47 42 46 50 41 48 43 49 45
86 88 84 89 81 90 85 83 82 87 100 95 99 91 96 93 92 98 94 97 7 9 3 10 4 5 6 2 1 8 15 13 19 20 17 12 11 18 14 16 21 28 30 25 26 24 27 29 23 22 35 34 31 38 37 36 39 40 32 33 46 43 49 45 42 44 47 50 48 41 58 54 53 57 52 56 59 60 55 51 68 64 65 70 61 66 69 67 63 62 74 77 72 76 80 71 78 73 79 75
16 18 14 19 11 20 15 13 12 17 30 25 29 21 26 23 22 28 24 27 37 39 33 40 34 35 36 32 31 38 45 43 49 50 47 42 41 48 44 46 51 58 60 55 56 54 57 59 53 52 65 64 61 68 67 66 69 70 62 63 76 73 79 75 72 74 77 80 78 71 88 84 83 87 82 86 89 90 85 81 98 94 95 100 91 96 99 97 93 92 4 7 2 6 10 1 8 3 9 5
46 48 44 49 41 50 45 43 42 47 60 55 59 51 56 53 52 58 54 57 67 69 63 70 64 65 66 62 61 68 75 73 79 80 77 72 71 78 74 76 81 88 90 85 86 84 87 89 83 82 95 94 91 98 97 96 99 100 92 93 6 3 9 5 2 4 7 10 8 1 18 14 13 17 12 16 19 20 15 11 28 24 25 30 21 26 29 27 23 22 34 37 32 36 40 31 38 33 39 35
66 68 64 69 61 70 65 63 62 67 80 75 79 71 76 73 72 78 74 77 87 89 83 90 84 85 86 82 81 88 95 93 99 100 97 92 91 98 94 96 1 8 10 5 6 4 7 9 3 2 15 14 11 18 17 16 19 20 12 13 26 23 29 25 22 24 27 30 28 21 38 34 33 37 32 36 39 40 35 31 48 44 45 50 41 46 49 47 43 42 54 57 52 56 60 51 58 53 59 55
96 98 94 99 91 100 95 93 92 97 10 5 9 1 6 3 2 8 4 7 17 19 13 20 14 15 16 12 11 18 25 23 29 30 27 22 21 28 24 26 31 38 40 35 36 34 37 39 33 32 45 44 41 48 47 46 49 50 42 43 56 53 59 55 52 54 57 60 58 51 68 64 63 67 62 66 69 70 65 61 78 74 75 80 71 76 79 77 73 72 84 87 82 86 90 81 88 83 89 85
67 69 65 70 62 71 66 64 63 68 81 76 80 72 77 74 73 79 75 78 88 90 84 91 85 86 87 83 82 89 96 94 100 1 98 93 92 99 95 97 2 9 11 6 7 5 8 10 4 3 16 15 12 19 18 17 20 21 13 14 27 24 30 26 23 25 28 31 29 22 39 35 34 38 33 37 40 41 36 32 49 45 46 51 42 47 50 48 44 43 55 58 53 57 61 52 59 54 60 56
37 39 35 40 32 41 36 34 33 38 51 46 50 42 47 44 43 49 45 48 58 60 54 61 55 56 57 53 52 59 66 64 70 71 68 63 62 69 65 67 72 79 81 76 77 75 78 80 74 73 86 85 82 89 88 87 90 91 83 84 97 94 100 96 93 95 98 1 99 92 9 5 4 8 3 7 10 11 6 2 19 15 16 21 12 17 20 18 14 13 25 28 23 27 31 22 29 24 30 26
87 89 85 90 82 91 86 84 83 88 1 96 100 92 97 94 93 99 95 98 8 10 4 11 5 6 7 3 2 9 16 14 20 21 18 13 12 19 15 17 22 29 31 26 27 25 28 30 24 23 36 35 32 39 38 37 40 41 33 34 47 44 50 46 43 45 48 51 49 42 59 55 54 58 53 57 60 61 56 52 69 65 66 71 62 67 70 68 64 63 75 78 73 77 81 72 79 74 80 76
17 19 15 20 12 21 16 14 13 18 31 26 30 22 27 24 23 29 25 28 38 40 34 41 35 36 37 33 32 39 46 44 50 51 48 43 42 49 45 47 52 59 61 56 57 55 58 60 54 53 66 65 62 69 68 67 70 71 63 64 77 74 80 76 73 75 78 81 79 72 89 85 84 88 83 87 90 91 86 82 99 95 96 1 92 97 100 98 94 93 5 8 3 7 11 2 9 4 10 6
97 99 95 100 92 1 96 94 93 98 11 6 10 2 7 4 3 9 5 8 18 20 14 21 15 16 17 13 12 19 26 24 30 31 28 23 22 29 25 27 32 39 41 36 37 35 38 40 34 33 46 45 42 49 48 47 50 51 43 44 57 54 60 56 53 55 58 61 59 52 69 65 64 68 63 67 70 71 66 62 79 75 76 81 72 77 80 78 74 73 85 88 83 87 91 82 89 84 90 86
57 59 55 60 52 61 56 54 53 58 71 66 70 62 67 64 63 69 65 68 78 80 74 81 75 76 77 73 72 79 86 84 90 91 88 83 82 89 85 87 92 99 1 96 97 95 98 100 94 93 6 5 2 9 8 7 10 11 3 4 17 14 20 16 13 15 18 21 19 12 29 25 24 28 23 27 30 31 26 22 39 35 36 41 32 37 40 38 34 33 45 48 43 47 51 42 49 44 50 46
27 29 25 30 22 31 26 24 23 28 41 36 40 32 37 34 33 39 35 38 48 50 44 51 45 46 47 43 42 49 56 54 60 61 58 53 52 59 55 57 62 69 71 66 67 65 68 70 64 63 76 75 72 79 78 77 80 81 73 74 87 84 90 86 83 85 88 91 89 82 99 95 94 98 93 97 100 1 96 92 9 5 6 11 2 7 10 8 4 3 15 18 13 17 21 12 19 14 20 16
77 79 75 80 72 81 76 74 73 78 91 86 90 82 87 84 83 89 85 88 98 100 94 1 95 96 97 93 92 99 6 4 10 11 8 3 2 9 5 7 12 19 21 16 17 15 18 20 14 13 26 25 22 29 28 27 30 31 23 24 37 34 40 36 33 35 38 41 39 32 49 45 44 48 43 47 50 51 46 42 59 55 56 61 52 57 60 58 54 53 65 68 63 67 71 62 69 64 70 66
7 9 5 10 2 11 6 4 3 8 21 16 20 12 17 14 13 19 15 18 28 30 24 31 25 26 27 23 22 29 36 34 40 41 38 33 32 39 35 37 42 49 51 46 47 45 48 50 44 43 56 55 52 59 58 57 60 61 53 54 67 64 70 66 63 65 68 71 69 62 79 75 74 78 73 77 80 81 76 72 89 85 86 91 82 87 90 88 84 83 95 98 93 97 1 92 99 94 100 96
47 49 45 50 42 51 46 44 43 48 61 56 60 52 57 54 53 59 55 58 68 70 64 71 65 66 67 63 62 69 76 74 80 81 78 73 72 79 75 77 82 89 91 86 87 85 88 90 84 83 96 95 92 99 98 97 100 1 93 94 7 4 10 6 3 5 8 11 9 2 19 15 14 18 13 17 20 21 16 12 29 25 26 31 22 27 30 28 24 23 35 38 33 37 41 32 39 34 40 36
38 40 36 41 33 42 37 35 34 39 52 47 51 43 48 45 44 50 46 49 59 61 55 62 56 57 58 54 53 60 67 65 71 72 69 64 63 70 66 68 73 80 82 77 78 76 79 81 75 74 87 86 83 90 89 88 91 92 84 85 98 95 1 97 94 96 99 2 100 93 10 6 5 9 4 8 11 12 7 3 20 16 17 22 13 18 21 19 15 14 26 29 24 28 32 23 30 25 31 27
58 60 56 61 53 62 57 55 54 59 72 67 71 63 68 65 64 70 66 69 79 81 75 82 76 77 78 74 73 80 87 85 91 92 89 84 83 90 86 88 93 100 2 97 98 96 99 1 95 94 7 6 3 10 9 8 11 12 4 5 18 15 21 17 14 16 19 22 20 13 30 26 25 29 24 28 31 32 27 23 40 36 37 42 33 38 41 39 35 34 46 49 44 48 52 43 50 45 51 47
78 80 76 81 73 82 77 75 74 79 92 87 91 83 88 85 84 90 86 89 99 1 95 2 96 97 98 94 93 100 7 5 11 12 9 4 3 10 6 8 13 20 22 17 18 16 19 21 15 14 27 26 23 30 29 28 31 32 24 25 38 35 41 37 34 36 39 42 40 33 50 46 45 49 44 48 51 52 47 43 60 56 57 62 53 58 61 59 55 54 66 69 64 68 72 63 70 65 71 67
68 70 66 71 63 72 67 65 64 69 82 77 81 73 78 75 74 80 76 79 89 91 85 92 86 87 88 84 83 90 97 95 1 2 99 94 93 100 96 98 3 10 12 7 8 6 9 11 5 4 17 16 13 20 19 18 21 22 14 15 28 25 31 27 24 26 29 32 30 23 40 36 35 39 34 38 41 42 37 33 50 46 47 52 43 48 51 49 45 44 56 59 54 58 62 53 60 55 61 57
28 30 26 31 23 32 27 25 24 29 42 37 41 33 38 35 34 40 36 39 49 51 45 52 46 47 48 44 43 50 57 55 61 62 59 54 53 60 56 58 63 70 72 67 68 66 69 71 65 64 77 76 73 80 79 78 81 82 74 75 88 85 91 87 84 86 89 92 90 83 100 96 95 99 94 98 1 2 97 93 10 6 7 12 3 8 11 9 5 4 16 19 14 18 22 13 20 15 21 17
98 100 96 1 93 2 97 95 94 99 12 7 11 3 8 5 4 10 6 9 19 21 15 22 16 17 18 14 13 20 27 25 31 32 29 24 23 30 26 28 33 40 42 37 38 36 39 41 35 34 47 46 43 50 49 48 51 52 44 45 58 55 61 57 54 56 59 62 60 53 70 66 65 69 64 68 71 72 67 63 80 76 77 82 73 78 81 79 75 74 86 89 84 88 92 83 90 85 91 87
18 20 16 21 13 22 17 15 14 19 32 27 31 23 28 25 24 30 26 29 39 41 35 42 36 37 38 34 33 40 47 45 51 52 49 44 43 50 46 48 53 60 62 57 58 56 59 61 55 54 67 66 63 70 69 68 71 72 64 65 78 75 81 77 74 76 79 82 80 73 90 86 85 89 84 88 91 92 87 83 100 96 97 2 93 98 1 99 95 94 6 9 4 8 12 3 10 5 11 7
88 90 86 91 83 92 87 85 84 89 2 97 1 93 98 95 94 100 96 99 9 11 5 12 6 7 8 4 3 10 17 15 21 22 19 14 13 20 16 18 23 30 32 27 28 26 29 31 25 24 37 36 33 40 39 38 41 42 34 35 48 45 51 47 44 46 49 52 50 43 60 56 55 59 54 58 61 62 57 53 70 66 67 72 63 68 71 69 65 64 76 79 74 78 82 73 80 75 81 77
8 10 6 11 3 12 7 5 4 9 22 17 21 13 18 15 14 20 16 19 29 31 25 32 26 27 28 24 23 30 37 35 41 42 39 34 33 40 36 38 43 50 52 47 48 46 49 51 45 44 57 56 53 60 59 58 61 62 54 55 68 65 71 67 64 66 69 72 70 63 80 76 75 79 74 78 81 82 77 73 90 86 87 92 83 88 91 89 85 84 96 99 94 98 2 93 100 95 1 97
48 50 46 51 43 52 47 45 44 49 62 57 61 53 58 55 54 60 56 59 69 71 65 72 66 67 68 64 63 70 77 75 81 82 79 74 73 80 76 78 83 90 92 87 88 86 89 91 85 84 97 96 93 100 99 98 1 2 94 95 8 5 11 7 4 6 9 12 10 3 20 16 15 19 14 18 21 22 17 13 30 26 27 32 23 28 31 29 25 24 36 39 34 38 42 33 40 35 41 37
19 21 17 22 14 23 18 16 15 20 33 28 32 24 29 26 25 31 27 30 40 42 36 43 37 38 39 35 34 41 48 46 52 53 50 45 44 51 47 49 54 61 63 58 59 57 60 62 56 55 68 67 64 71 70 69 72 73 65 66 79 76 82 78 75 77 80 83 81 74 91 87 86 90 85 89 92 93 88 84 1 97 98 3 94 99 2 100 96 95 7 10 5 9 13 4 11 6 12 8
99 1 97 2 94 3 98 96 95 100 13 8 12 4 9 6 5 11 7 10 20 22 16 23 17 18 19 15 14 21 28 26 32 33 30 25 24 31 27 29 34 41 43 38 39 37 40 42 36 35 48 47 44 51 50 49 52 53 45 46 59 56 62 58 55 57 60 63 61 54 71 67 66 70 65 69 72 73 68 64 81 77 78 83 74 79 82 80 76 75 87 90 85 89 93 84 91 86 92 88
79 81 77 82 74 83 78 76 75 80 93 88 92 84 89 86 85 91 87 90 100 2 96 3 97 98 99 95 94 1 8 6 12 13 10 5 4 11 7 9 14 21 23 18 19 17 20 22 16 15 28 27 24 31 30 29 32 33 25 26 39 36 42 38 35 37 40 43 41 34 51 47 46 50 45 49 52 53 48 44 61 57 58 63 54 59 62 60 56 55 67 70 65 69 73 64 71 66 72 68
9 11 7 12 4 13 8 6 5 10 23 18 22 14 19 16 15 21 17 20 30 32 26 33 27 28 29 25 24 31 38 36 42 43 40 35 34 41 37 39 44 51 53 48 49 47 50 52 46 45 58 57 54 61 60 59 62 63 55 56 69 66 72 68 65 67 70 73 71 64 81 77 76 80 75 79 82 83 78 74 91 87 88 93 84 89 92 90 86 85 97 100 95 99 3 94 1 96 2 98
49 51 47 52 44 53 48 46 45 50 63 58 62 54 59 56 55 61 57 60 70 72 66 73 67 68 69 65 64 71 78 76 82 83 80 75 74 81 77 79 84 91 93 88 89 87 90 92 86 85 98 97 94 1 100 99 2 3 95 96 9 6 12 8 5 7 10 13 11 4 21 17 16 20 15 19 22 23 18 14 31 27 28 33 24 29 32 30 26 25 37 40 35 39 43 34 41 36 42 38
39 41 37 42 34 43 38 36 35 40 53 48 52 44 49 46 45 51 47 50 60 62 56 63 57 58 59 55 54 61 68 66 72 73 70 65 64 71 67 69 74 81 83 78 79 77 80 82 76 75 88 87 84 91 90 89 92 93 85 86 99 96 2 98 95 97 100 3 1 94 11 7 6 10 5 9 12 13 8 4 21 17 18 23 14 19 22 20 16 15 27 30 25 29 33 24 31 26 32 28
69 71 67 72 64 73 68 66 65 70 83 78 82 74 79 76 75 81 77 80 90 92 86 93 87 88 89 85 84 91 98 96 2 3 100 95 94 1 97 99 4 11 13 8 9 7 10 12 6 5 18 17 14 21 20 19 22 23 15 16 29 26 32 28 25 27 30 33 31 24 41 37 36 40 35 39 42 43 38 34 51 47 48 53 44 49 52 50 46 45 57 60 55 59 63 54 61 56 62 58
59 61 57 62 54 63 58 56 55 60 73 68 72 64 69 66 65 71 67 70 80 82 76 83 77 78 79 75 74 81 88 86 92 93 90 85 84 91 87 89 94 1 3 98 99 97 100 2 96 95 8 7 4 11 10 9 12 13 5 6 19 16 22 18 15 17 20 23 21 14 31 27 26 30 25 29 32 33 28 24 41 37 38 43 34 39 42 40 36 35 47 50 45 49 53 44 51 46 52 48
29 31 27 32 24 33 28 26 25 30 43 38 42 34 39 36 35 41 37 40 50 52 46 53 47 48 49 45 44 51 58 56 62 63 60 55 54 61 57 59 64 71 73 68 69 67 70 72 66 65 78 77 74 81 80 79 82 83 75 76 89 86 92 88 85 87 90 93 91 84 1 97 96 100 95 99 2 3 98 94 11 7 8 13 4 9 12 10 6 5 17 20 15 19 23 14 21 16 22 18
89 91 87 92 84 93 88 86 85 90 3 98 2 94 99 96 95 1 97 100 10 12 6 13 7 8 9 5 4 11 18 16 22 23 20 15 14 21 17 19 24 31 33 28 29 27 30 32 26 25 38 37 34 41 40 39 42 43 35 36 49 46 52 48 45 47 50 53 51 44 61 57 56 60 55 59 62 63 58 54 71 67 68 73 64 69 72 70 66 65 77 80 75 79 83 74 81 76 82 78
90 92 88 93 85 94 89 87 86 91 4 99 3 95 100 97 96 2 98 1 11 13 7 14 8 9 10 6 5 12 19 17 23 24 21 16 15 22 18 20 25 32 34 29 30 28 31 33 27 26 39 38 35 42 41 40 43 44 36 37 50 47 53 49 46 48 51 54 52 45 62 58 57 61 56 60 63 64 59 55 72 68 69 74 65 70 73 71 67 66 78 81 76 80 84 75 82 77 83 79
40 42 38 43 35 44 39 37 36 41 54 49 53 45 50 47 46 52 48 51 61 63 57 64 58 59 60 56 55 62 69 67 73 74 71 66 65 72 68 70 75 82 84 79 80 78 81 83 77 76 89 88 85 92 91 90 93 94 86 87 100 97 3 99 96 98 1 4 2 95 12 8 7 11 6 10 13 14 9 5 22 18 19 24 15 20 23 21 17 16 28 31 26 30 34 25 32 27 33 29
50 52 48 53 45 54 49 47 46 51 64 59 63 55 60 57 56 62 58 61 71 73 67 74 68 69 70 66 65 72 79 77 83 84 81 76 75 82 78 80 85 92 94 89 90 88 91 93 87 86 99 98 95 2 1 100 3 4 96 97 10 7 13 9 6 8 11 14 12 5 22 18 17 21 16 20 23 24 19 15 32 28 29 34 25 30 33 31 27 26 38 41 36 40 44 35 42 37 43 39
30 32 28 33 25 34 29 27 26 31 44 39 43 35 40 37 36 42 38 41 51 53 47 54 48 49 50 46 45 52 59 57 63 64 61 56 55 62 58 60 65 72 74 69 70 68 71 73 67 66 79 78 75 82 81 80 83 84 76 77 90 87 93 89 86 88 91 94 92 85 2 98 97 1 96 100 3 4 99 95 12 8 9 14 5 10 13 11 7 6 18 21 16 20 24 15 22 17 23 19
10 12 8 13 5 14 9 7 6 11 24 19 23 15 20 17 16 22 18 21 31 33 27 34 28 29 30 26 25 32 39 37 43 44 41 36 35 42 38 40 45 52 54 49 50 48 51 53 47 46 59 58 55 62 61 60 63 64 56 57 70 67 73 69 66 68 71 74 72 65 82 78 77 81 76 80 83 84 79 75 92 88 89 94 85 90 93 91 87 86 98 1 96 100 4 95 2 97 3 99
20 22 18 23 15 24 19 17 16 21 34 29 33 25 30 27 26 32 28 31 41 43 37 44 38 39 40 36 35 42 49 47 53 54 51 46 45 52 48 50 55 62 64 59 60 58 61 63 57 56 69 68 65 72 71 70 73 74 66 67 80 77 83 79 76 78 81 84 82 75 92 88 87 91 86 90 93 94 89 85 2 98 99 4 95 100 3 1 97 96 8 11 6 10 14 5 12 7 13 9
70 72 68 73 65 74 69 67 66 71 84 79 83 75 80 77 76 82 78 81 91 93 87 94 88 89 90 86 85 92 99 97 3 4 1 96 95 2 98 100 5 12 14 9 10 8 11 13 7 6 19 18 15 22 21 20 23 24 16 17 30 27 33 29 26 28 31 34 32 25 42 38 37 41 36 40 43 44 39 35 52 48 49 54 45 50 53 51 47 46 58 61 56 60 64 55 62 57 63 59
60 62 58 63 55 64 59 57 56 61 74 69 73 65 70 67 66 72 68 71 81 83 77 84 78 79 80 76 75 82 89 87 93 94 91 86 85 92 88 90 95 2 4 99 100 98 1 3 97 96 9 8 5 12 11 10 13 14 6 7 20 17 23 19 16 18 21 24 22 15 32 28 27 31 26 30 33 34 29 25 42 38 39 44 35 40 43 41 37 36 48 51 46 50 54 45 52 47 53 49
80 82 78 83 75 84 79 77 76 81 94 89 93 85 90 87 86 92 88 91 1 3 97 4 98 99 100 96 95 2 9 7 13 14 11 6 5 12 8 10 15 22 24 19 20 18 21 23 17 16 29 28 25 32 31 30 33 34 26 27 40 37 43 39 36 38 41 44 42 35 52 48 47 51 46 50 53 54 49 45 62 58 59 64 55 60 63 61 57 56 68 71 66 70 74 65 72 67 73 69
100 2 98 3 95 4 99 97 96 1 14 9 13 5 10 7 6 12 8 11 21 23 17 24 18 19 20 16 15 22 29 27 33 34 31 26 25 32 28 30 35 42 44 39 40 38 41 43 37 36 49 48 45 52 51 50 53 54 46 47 60 57 63 59 56 58 61 64 62 55 72 68 67 71 66 70 73 74 69 65 82 78 79 84 75 80 83 81 77 76 88 91 86 90 94 85 92 87 93 89
61 63 59 64 56 65 60 58 57 62 75 70 74 66 71 68 67 73 69 72 82 84 78 85 79 80 81 77 76 83 90 88 94 95 92 87 86 93 89 91 96 3 5 100 1 99 2 4 98 97 10 9 6 13 12 11 14 15 7 8 21 18 24 20 17 19 22 25 23 16 33 29 28 32 27 31 34 35 30 26 43 39 40 45 36 41 44 42 38 37 49 52 47 51 55 46 53 48 54 50
31 33 29 34 26 35 30 28 27 32 45 40 44 36 41 38 37 43 39 42 52 54 48 55 49 50 51 47 46 53 60 58 64 65 62 57 56 63 59 61 66 73 75 70 71 69 72 74 68 67 80 79 76 83 82 81 84 85 77 78 91 88 94 90 87 89 92 95 93 86 3 99 98 2 97 1 4 5 100 96 13 9 10 15 6 11 14 12 8 7 19 22 17 21 25 16 23 18 24 20
41 43 39 44 36 45 40 38 37 42 55 50 54 46 51 48 47 53 49 52 62 64 58 65 59 60 61 57 56 63 70 68 74 75 72 67 66 73 69 71 76 83 85 80 81 79 82 84 78 77 90 89 86 93 92 91 94 95 87 88 1 98 4 100 97 99 2 5 3 96 13 9 8 12 7 11 14 15 10 6 23 19 20 25 16 21 24 22 18 17 29 32 27 31 35 26 33 28 34 30
1 3 99 4 96 5 100 98 97 2 15 10 14 6 11 8 7 13 9 12 22 24 18 25 19 20 21 17 16 23 30 28 34 35 32 27 26 33 29 31 36 43 45 40 41 39 42 44 38 37 50 49 46 53 52 51 54 55 47 48 61 58 64 60 57 59 62 65 63 56 73 69 68 72 67 71 74 75 70 66 83 79 80 85 76 81 84 82 78 77 89 92 87 91 95 86 93 88 94 90
81 83 79 84 76 85 80 78 77 82 95 90 94 86 91 88 87 93 89 92 2 4 98 5 99 100 1 97 96 3 10 8 14 15 12 7 6 13 9 11 16 23 25 20 21 19 22 24 18 17 30 29 26 33 32 31 34 35 27 28 41 38 44 40 37 39 42 45 43 36 53 49 48 52 47 51 54 55 50 46 63 59 60 65 56 61 64 62 58 57 69 72 67 71 75 66 73 68 74 70
21 23 19 24 16 25 20 18 17 22 35 30 34 26 31 28 27 33 29 32 42 44 38 45 39 40 41 37 36 43 50 48 54 55 52 47 46 53 49 51 56 63 65 60 61 59 62 64 58 57 70 69 66 73 72 71 74 75 67 68 81 78 84 80 77 79 82 85 83 76 93 89 88 92 87 91 94 95 90 86 3 99 100 5 96 1 4 2 98 97 9 12 7 11 15 6 13 8 14 10
71 73 69 74 66 75 70 68 67 72 85 80 84 76 81 78 77 83 79 82 92 94 88 95 89 90 91 87 86 93 100 98 4 5 2 97 96 3 99 1 6 13 15 10 11 9 12 14 8 7 20 19 16 23 22 21 24 25 17 18 31 28 34 30 27 29 32 35 33 26 43 39 38 42 37 41 44 45 40 36 53 49 50 55 46 51 54 52 48 47 59 62 57 61 65 56 63 58 64 60
91 93 89 94 86 95 90 88 87 92 5 100 4 96 1 98 97 3 99 2 12 14 8 15 9 10 11 7 6 13 20 18 24 25 22 17 16 23 19 21 26 33 35 30 31 29 32 34 28 27 40 39 36 43 42 41 44 45 37 38 51 48 54 50 47 49 52 55 53 46 63 59 58 62 57 61 64 65 60 56 73 69 70 75 66 71 74 72 68 67 79 82 77 81 85 76 83 78 84 80
11 13 9 14 6 15 10 8 7 12 25 20 24 16 21 18 17 23 19 22 32 34 28 35 29 30 31 27 26 33 40 38 44 45 42 37 36 43 39 41 46 53 55 50 51 49 52 54 48 47 60 59 56 63 62 61 64 65 57 58 71 68 74 70 67 69 72 75 73 66 83 79 78 82 77 81 84 85 80 76 93 89 90 95 86 91 94 92 88 87 99 2 97 1 5 96 3 98 4 100
51 53 49 54 46 55 50 48 47 52 65 60 64 56 61 58 57 63 59 62 72 74 68 75 69 70 71 67 66 73 80 78 84 85 82 77 76 83 79 81 86 93 95 90 91 89 92 94 88 87 100 99 96 3 2 1 4 5 97 98 11 8 14 10 7 9 12 15 13 6 23 19 18 22 17 21 24 25 20 16 33 29 30 35 26 31 34 32 28 27 39 42 37 41 45 36 43 38 44 40
22 24 20 25 17 26 21 19 18 23 36 31 35 27 32 29 28 34 30 33 43 45 39 46 40 41 42 38 37 44 51 49 55 56 53 48 47 54 50 52 57 64 66 61 62 60 63 65 59 58 71 70 67 74 73 72 75 76 68 69 82 79 85 81 78 80 83 86 84 77 94 90 89 93 88 92 95 96 91 87 4 100 1 6 97 2 5 3 99 98 10 13 8 12 16 7 14 9 15 11
52 54 50 55 47 56 51 49 48 53 66 61 65 57 62 59 58 64 60 63 73 75 69 76 70 71 72 68 67 74 81 79 85 86 83 78 77 84 80 82 87 94 96 91 92 90 93 95 89 88 1 100 97 4 3 2 5 6 98 99 12 9 15 11 8 10 13 16 14 7 24 20 19 23 18 22 25 26 21 17 34 30 31 36 27 32 35 33 29 28 40 43 38 42 46 37 44 39 45 41
72 74 70 75 67 76 71 69 68 73 86 81 85 77 82 79 78 84 80 83 93 95 89 96 90 91 92 88 87 94 1 99 5 6 3 98 97 4 100 2 7 14 16 11 12 10 13 15 9 8 21 20 17 24 23 22 25 26 18 19 32 29 35 31 28 30 33 36 34 27 44 40 39 43 38 42 45 46 41 37 54 50 51 56 47 52 55 53 49 48 60 63 58 62 66 57 64 59 65 61
32 34 30 35 27 36 31 29 28 33 46 41 45 37 42 39 38 44 40 43 53 55 49 56 50 51 52 48 47 54 61 59 65 66 63 58 57 64 60 62 67 74 76 71 72 70 73 75 69 68 81 80 77 84 83 82 85 86 78 79 92 89 95 91 88 90 93 96 94 87 4 100 99 3 98 2 5 6 1 97 14 10 11 16 7 12 15 13 9 8 20 23 18 22 26 17 24 19 25 21
62 64 60 65 57 66 61 59 58 63 76 71 75 67 72 69 68 74 70 73 83 85 79 86 80 81 82 78 77 84 91 89 95 96 93 88 87 94 90 92 97 4 6 1 2 100 3 5 99 98 11 10 7 14 13 12 15 16 8 9 22 19 25 21 18 20 23 26 24 17 34 30 29 33 28 32 35 36 31 27 44 40 41 46 37 42 45 43 39 38 50 53 48 52 56 47 54 49 55 51
82 84 80 85 77 86 81 79 78 83 96 91 95 87 92 89 88 94 90 93 3 5 99 6 100 1 2 98 97 4 11 9 15 16 13 8 7 14 10 12 17 24 26 21 22 20 23 25 19 18 31 30 27 34 33 32 35 36 28 29 42 39 45 41 38 40 43 46 44 37 54 50 49 53 48 52 55 56 51 47 64 60 61 66 57 62 65 63 59 58 70 73 68 72 76 67 74 69 75 71
12 14 10 15 7 16 11 9 8 13 26 21 25 17 22 19 18 24 20 23 33 35 29 36 30 31 32 28 27 34 41 39 45 46 43 38 37 44 40 42 47 54 56 51 52 50 53 55 49 48 61 60 57 64 63 62 65 66 58 59 72 69 75 71 68 70 73 76 74 67 84 80 79 83 78 82 85 86 81 77 94 90 91 96 87 92 95 93 89 88 100 3 98 2 6 97 4 99 5 1
42 44 40 45 37 46 41 39 38 43 56 51 55 47 52 49 48 54 50 53 63 65 59 66 60 61 62 58 57 64 71 69 75 76 73 68 67 74 70 72 77 84 86 81 82 80 83 85 79 78 91 90 87 94 93 92 95 96 88 89 2 99 5 1 98 100 3 6 4 97 14 10 9 13 8 12 15 16 11 7 24 20 21 26 17 22 25 23 19 18 30 33 28 32 36 27 34 29 35 31
2 4 100 5 97 6 1 99 98 3 16 11 15 7 12 9 8 14 10 13 23 25 19 26 20 21 22 18 17 24 31 29 35 36 33 28 27 34 30 32 37 44 46 41 42 40 43 45 39 38 51 50 47 54 53 52 55 56 48 49 62 59 65 61 58 60 63 66 64 57 74 70 69 73 68 72 75 76 71 67 84 80 81 86 77 82 85 83 79 78 90 93 88 92 96 87 94 89 95 91
92 94 90 95 87 96 91 89 88 93 6 1 5 97 2 99 98 4 100 3 13 15 9 16 10 11 12 8 7 14 21 19 25 26 23 18 17 24 20 22 27 34 36 31 32 30 33 35 29 28 41 40 37 44 43 42 45 46 38 39 52 49 55 51 48 50 53 56 54 47 64 60 59 63 58 62 65 66 61 57 74 70 71 76 67 72 75 73 69 68 80 83 78 82 86 77 84 79 85 81
3 5 1 6 98 7 2 100 99 4 17 12 16 8 13 10 9 15 11 14 24 26 20 27 21 22 23 19 18 25 32 30 36 37 34 29 28 35 31 33 38 45 47 42 43 41 44 46 40 39 52 51 48 55 54 53 56 57 49 50 63 60 66 62 59 61 64 67 65 58 75 71 70 74 69 73 76 77 72 68 85 81 82 87 78 83 86 84 80 79 91 94 89 93 97 88 95 90 96 92
13 15 11 16 8 17 12 10 9 14 27 22 26 18 23 20 19 25 21 24 34 36 30 37 31 32 33 29 28 35 42 40 46 47 44 39 38 45 41 43 48 55 57 52 53 51 54 56 50 49 62 61 58 65 64 63 66 67 59 60 73 70 76 72 69 71 74 77 75 68 85 81 80 84 79 83 86 87 82 78 95 91 92 97 88 93 96 94 90 89 1 4 99 3 7 98 5 100 6 2
83 85 81 86 78 87 82 80 79 84 97 92 96 88 93 90 89 95 91 94 4 6 100 7 1 2 3 99 98 5 12 10 16 17 14 9 8 15 11 13 18 25 27 22 23 21 24 26 20 19 32 31 28 35 34 33 36 37 29 30 43 40 46 42 39 41 44 47 45 38 55 51 50 54 49 53 56 57 52 48 65 61 62 67 58 63 66 64 60 59 71 74 69 73 77 68 75 70 76 72
33 35 31 36 28 37 32 30 29 34 47 42 46 38 43 40 39 45 41 44 54 56 50 57 51 52 53 49 48 55 62 60 66 67 64 59 58 65 61 63 68 75 77 72 73 71 74 76 70 69 82 81 78 85 84 83 86 87 79 80 93 90 96 92 89 91 94 97 95 88 5 1 100 4 99 3 6 7 2 98 15 11 12 17 8 13 16 14 10 9 21 24 19 23 27 18 25 20 26 22
53 55 51 56 48 57 52 50 49 54 67 62 66 58 63 60 59 65 61 64 74 76 70 77 71 72 73 69 68 75 82 80 86 87 84 79 78 85 81 83 88 95 97 92 93 91 94 96 90 89 2 1 98 5 4 3 6 7 99 100 13 10 16 12 9 11 14 17 15 8 25 21 20 24 19 23 26 27 22 18 35 31 32 37 28 33 36 34 30 29 41 44 39 43 47 38 45 40 46 42
63 65 61 66 58 67 62 60 59 64 77 72 76 68 73 70 69 75 71 74 84 86 80 87 81 82 83 79 78 85 92 90 96 97 94 89 88 95 91 93 98 5 7 2 3 1 4 6 100 99 12 11 8 15 14 13 16 17 9 10 23 20 26 22 19 21 24 27 25 18 35 31 30 34 29 33 36 37 32 28 45 41 42 47 38 43 46 44 40 39 51 54 49 53 57 48 55 50 56 52
23 25 21 26 18 27 22 20 19 24 37 32 36 28 33 30 29 35 31 34 44 46 40 47 41 42 43 39 38 45 52 50 56 57 54 49 48 55 51 53 58 65 67 62 63 61 64 66 60 59 72 71 68 75 74 73 76 77 69 70 83 80 86 82 79 81 84 87 85 78 95 91 90 94 89 93 96 97 92 88 5 1 2 7 98 3 6 4 100 99 11 14 9 13 17 8 15 10 16 12
93 95 91 96 88 97 92 90 89 94 7 2 6 98 3 100 99 5 1 4 14 16 10 17 11 12 13 9 8 15 22 20 26 27 24 19 18 25 21 23 28 35 37 32 33 31 34 36 30 29 42 41 38 45 44 43 46 47 39 40 53 50 56 52 49 51 54 57 55 48 65 61 60 64 59 63 66 67 62 58 75 71 72 77 68 73 76 74 70 69 81 84 79 83 87 78 85 80 86 82
43 45 41 46 38 47 42 40 39 44 57 52 56 48 53 50 49 55 51 54 64 66 60 67 61 62 63 59 58 65 72 70 76 77 74 69 68 75 71 73 78 85 87 82 83 81 84 86 80 79 92 91 88 95 94 93 96 97 89 90 3 100 6 2 99 1 4 7 5 98 15 11 10 14 9 13 16 17 12 8 25 21 22 27 18 23 26 24 20 19 31 34 29 33 37 28 35 30 36 32
73 75 71 76 68 77 72 70 69 74 87 82 86 78 83 80 79 85 81 84 94 96 90 97 91 92 93 89 88 95 2 100 6 7 4 99 98 5 1 3 8 15 17 12 13 11 14 16 10 9 22 21 18 25 24 23 26 27 19 20 33 30 36 32 29 31 34 37 35 28 45 41 40 44 39 43 46 47 42 38 55 51 52 57 48 53 56 54 50 49 61 64 59 63 67 58 65 60 66 62
44 46 42 47 39 48 43 41 40 45 58 53 57 49 54 51 50 56 52 55 65 67 61 68 62 63 64 60 59 66 73 71 77 78 75 70 69 76 72 74 79 86 88 83 84 82 85 87 81 80 93 92 89 96 95 94 97 98 90 91 4 1 7 3 100 2 5 8 6 99 16 12 11 15 10 14 17 18 13 9 26 22 23 28 19 24 27 25 21 20 32 35 30 34 38 29 36 31 37 33
14 16 12 17 9 18 13 11 10 15 28 23 27 19 24 21 20 26 22 25 35 37 31 38 32 33 34 30 29 36 43 41 47 48 45 40 39 46 42 44 49 56 58 53 54 52 55 57 51 50 63 62 59 66 65 64 67 68 60 61 74 71 77 73 70 72 75 78 76 69 86 82 81 85 80 84 87 88 83 79 96 92 93 98 89 94 97 95 91 90 2 5 100 4 8 99 6 1 7 3
64 66 62 67 59 68 63 61 60 65 78 73 77 69 74 71 70 76 72 75 85 87 81 88 82 83 84 80 79 86 93 91 97 98 95 90 89 96 92 94 99 6 8 3 4 2 5 7 1 100 13 12 9 16 15 14 17 18 10 11 24 21 27 23 20 22 25 28 26 19 36 32 31 35 30 34 37 38 33 29 46 42 43 48 39 44 47 45 41 40 52 55 50 54 58 49 56 51 57 53
34 36 32 37 29 38 33 31 30 35 48 43 47 39 44 41 40 46 42 45 55 57 51 58 52 53 54 50 49 56 63 61 67 68 65 60 59 66 62 64 69 76 78 73 74 72 75 77 71 70 83 82 79 86 85 84 87 88 80 81 94 91 97 93 90 92 95 98 96 89 6 2 1 5 100 4 7 8 3 99 16 12 13 18 9 14 17 15 11 10 22 25 20 24 28 19 26 21 27 23
84 86 82 87 79 88 83 81 80 85 98 93 97 89 94 91 90 96 92 95 5 7 1 8 2 3 4 100 99 6 13 11 17 18 15 10 9 16 12 14 19 26 28 23 24 22 25 27 21 20 33 32 29 36 35 34 37 38 30 31 44 41 47 43 40 42 45 48 46 39 56 52 51 55 50 54 57 58 53 49 66 62 63 68 59 64 67 65 61 60 72 75 70 74 78 69 76 71 77 73
4 6 2 7 99 8 3 1 100 5 18 13 17 9 14 11 10 16 12 15 25 27 21 28 22 23 24 20 19 26 33 31 37 38 35 30 29 36 32 34 39 46 48 43 44 42 45 47 41 40 53 52 49 56 55 54 57 58 50 51 64 61 67 63 60 62 65 68 66 59 76 72 71 75 70 74 77 78 73 69 86 82 83 88 79 84 87 85 81 80 92 95 90 94 98 89 96 91 97 93
24 26 22 27 19 28 23 21 20 25 38 33 37 29 34 31 30 36 32 35 45 47 41 48 42 43 44 40 39 46 53 51 57 58 55 50 49 56 52 54 59 66 68 63 64 62 65 67 61 60 73 72 69 76 75 74 77 78 70 71 84 81 87 83 80 82 85 88 86 79 96 92 91 95 90 94 97 98 93 89 6 2 3 8 99 4 7 5 1 100 12 15 10 14 18 9 16 11 17 13
94 96 92 97 89 98 93 91 90 95 8 3 7 99 4 1 100 6 2 5 15 17 11 18 12 13 14 10 9 16 23 21 27 28 25 20 19 26 22 24 29 36 38 33 34 32 35 37 31 30 43 42 39 46 45 44 47 48 40 41 54 51 57 53 50 52 55 58 56 49 66 62 61 65 60 64 67 68 63 59 76 72 73 78 69 74 77 75 71 70 82 85 80 84 88 79 86 81 87 83
54 56 52 57 49 58 53 51 50 55 68 63 67 59 64 61 60 66 62 65 75 77 71 78 72 73 74 70 69 76 83 81 87 88 85 80 79 86 82 84 89 96 98 93 94 92 95 97 91 90 3 2 99 6 5 4 7 8 100 1 14 11 17 13 10 12 15 18 16 9 26 22 21 25 20 24 27 28 23 19 36 32 33 38 29 34 37 35 31 30 42 45 40 44 48 39 46 41 47 43
74 76 72 77 69 78 73 71 70 75 88 83 87 79 84 81 80 86 82 85 95 97 91 98 92 93 94 90 89 96 3 1 7 8 5 100 99 6 2 4 9 16 18 13 14 12 15 17 11 10 23 22 19 26 25 24 27 28 20 21 34 31 37 33 30 32 35 38 36 29 46 42 41 45 40 44 47 48 43 39 56 52 53 58 49 54 57 55 51 50 62 65 60 64 68 59 66 61 67 63
45 47 43 48 40 49 44 42 41 46 59 54 58 50 55 52 51 57 53 56 66 68 62 69 63 64 65 61 60 67 74 72 78 79 76 71 70 77 73 75 80 87 89 84 85 83 86 88 82 81 94 93 90 97 96 95 98 99 91 92 5 2 8 4 1 3 6 9 7 100 17 13 12 16 11 15 18 19 14 10 27 23 24 29 20 25 28 26 22 21 33 36 31 35 39 30 37 32 38 34
35 37 33 38 30 39 34 32 31 36 49 44 48 40 45 42 41 47 43 46 56 58 52 59 53 54 55 51 50 57 64 62 68 69 66 61 60 67 63 65 70 77 79 74 75 73 76 78 72 71 84 83 80 87 86 85 88 89 81 82 95 92 98 94 91 93 96 99 97 90 7 3 2 6 1 5 8 9 4 100 17 13 14 19 10 15 18 16 12 11 23 26 21 25 29 20 27 22 28 24
15 17 13 18 10 19 14 12 11 16 29 24 28 20 25 22 21 27 23 26 36 38 32 39 33 34 35 31 30 37 44 42 48 49 46 41 40 47 43 45 50 57 59 54 55 53 56 58 52 51 64 63 60 67 66 65 68 69 61 62 75 72 78 74 71 73 76 79 77 70 87 83 82 86 81 85 88 89 84 80 97 93 94 99 90 95 98 96 92 91 3 6 1 5 9 100 7 2 8 4
5 7 3 8 100 9 4 2 1 6 19 14 18 10 15 12 11 17 13 16 26 28 22 29 23 24 25 21 20 27 34 32 38 39 36 31 30 37 33 35 40 47 49 44 45 43 46 48 42 41 54 53 50 57 56 55 58 59 51 52 65 62 68 64 61 63 66 69 67 60 77 73 72 76 71 75 78 79 74 70 87 83 84 89 80 85 88 86 82 81 93 96 91 95 99 90 97 92 98 94
55 57 53 58 50 59 54 52 51 56 69 64 68 60 65 62 61 67 63 66 76 78 72 79 73 74 75 71 70 77 84 82 88 89 86 81 80 87 83 85 90 97 99 94 95 93 96 98 92 91 4 3 100 7 6 5 8 9 1 2 15 12 18 14 11 13 16 19 17 10 27 23 22 26 21 25 28 29 24 20 37 33 34 39 30 35 38 36 32 31 43 46 41 45 49 40 47 42 48 44
95 97 93 98 90 99 94 92 91 96 9 4 8 100 5 2 1 7 3 6 16 18 12 19 13 14 15 11 10 17 24 22 28 29 26 21 20 27 23 25 30 37 39 34 35 33 36 38 32 31 44 43 40 47 46 45 48 49 41 42 55 52 58 54 51 53 56 59 57 50 67 63 62 66 61 65 68 69 64 60 77 73 74 79 70 75 78 76 72 71 83 86 81 85 89 80 87 82 88 84
65 67 63 68 60 69 64 62 61 66 79 74 78 70 75 72 71 77 73 76 86 88 82 89 83 84 85 81 80 87 94 92 98 99 96 91 90 97 93 95 100 7 9 4 5 3 6 8 2 1 14 13 10 17 16 15 18 19 11 12 25 22 28 24 21 23 26 29 27 20 37 33 32 36 31 35 38 39 34 30 47 43 44 49 40 45 48 46 42 41 53 56 51 55 59 50 57 52 58 54
85 87 83 88 80 89 84 82 81 86 99 94 98 90 95 92 91 97 93 96 6 8 2 9 3 4 5 1 100 7 14 12 18 19 16 11 10 17 13 15 20 27 29 24 25 23 26 28 22 21 34 33 30 37 36 35 38 39 31 32 45 42 48 44 41 43 46 49 47 40 57 53 52 56 51 55 58 59 54 50 67 63 64 69 60 65 68 66 62 61 73 76 71 75 79 70 77 72 78 74
75 77 73 78 70 79 74 72 71 76 89 84 88 80 85 82 81 87 83 86 96 98 92 99 93 94 95 91 90 97 4 2 8 9 6 1 100 7 3 5 10 17 19 14 15 13 16 18 12 11 24 23 20 27 26 25 28 29 21 22 35 32 38 34 31 33 36 39 37 30 47 43 42 46 41 45 48 49 44 40 57 53 54 59 50 55 58 56 52 51 63 66 61 65 69 60 67 62 68 64
25 27 23 28 20 29 24 22 21 26 39 34 38 30 35 32 31 37 33 36 46 48 42 49 43 44 45 41 40 47 54 52 58 59 56 51 50 57 53 55 60 67 69 64 65 63 66 68 62 61 74 73 70 77 76 75 78 79 71 72 85 82 88 84 81 83 86 89 87 80 97 93 92 96 91 95 98 99 94 90 7 3 4 9 100 5 8 6 2 1 13 16 11 15 19 10 17 12 18 14
